CPE,f01_pct_hora_00,f02_pct_hora_01,f03_pct_hora_02,f04_pct_hora_03,f05_pct_hora_04,f06_pct_hora_05,f07_pct_hora_06,f08_pct_hora_07,f09_pct_hora_08,f10_pct_hora_09,f11_pct_hora_10,f12_pct_hora_11,f13_pct_hora_12,f14_pct_hora_13,f15_pct_hora_14,f16_pct_hora_15,f17_pct_hora_16,f18_pct_hora_17,f19_pct_hora_18,f20_pct_hora_19,f21_pct_hora_20,f22_pct_hora_21,f23_pct_hora_22,f24_pct_hora_23
PT0002000032936306KX,8.829915159071314,8.851868757465601,8.863871407725176,8.866867227648989,8.856757414591971,8.831936140007059,7.287681620892641,2.552650095516143,0.2175811346396312,0.0,0.0067211694832532915,0.0,0.0,0.0,0.0071830610277030865,0.001908000585483606,0.02597816181773853,0.3615013597980573,1.6644197053092329,3.482921249754784,5.263094429497826,8.281197382773636,8.874710750417822,8.871235771975934
PT0002000032942455NH,4.335287639154967,3.5832829087241316,3.150913751652419,2.9787986736991945,2.8687218854069427,2.913603568413886,3.1476196831748426,3.8256487781420865,4.125546262454521,3.159011669993119,3.1706781625178606,4.073939189639197,4.33307257654166,4.6278917052845,4.53757932785769,4.387012947861926,4.365189744198003,4.687047685027592,3.896471250409919,3.995293304737128,4.059390387196584,6.79250645361008,7.1407169422602585,5.844775502041496
PT0002000032966446CC,4.14908447165897,3.891806103608855,3.757425197251246,3.6860425837493036,3.4793304321499288,3.376145949171162,3.4300260949394534,3.3036193835297643,3.2942389759862434,3.5127338346219914,3.845166326347383,3.6379965938922254,3.602534077569147,3.8258335351906045,3.992507361909084,4.467933871066246,4.606008894298368,4.6389547159146485,5.37508791765342,5.202694330237676,4.902521288844895,5.139776962567695,5.889980775621755,4.992550322219938
PT0002000032968749YT,2.4347931844447928,2.508433208329996,2.479461549233234,2.5240965221648017,2.591857941695053,2.607521322184315,2.559897096879856,2.9898109705560416,7.947576614400011,8.43548902948623,8.013921410120549,8.064348688576018,8.76265112715286,7.75124966457276,4.956731483300821,4.374400965487042,4.006979576603033,3.8556021254199866,3.1969953479834787,2.08154123104636,1.8067363416079316,1.841064935987851,1.8428086665387038,2.366030996228268
PT0002000032969229AC,0.9382303504581768,0.8766103000824468,0.8599016511448355,0.8643279180373701,0.8611217118908545,0.8703856615088835,0.8709767762114122,2.685178732036096,7.8805757019950535,9.285210831649318,10.886620952398932,11.82498953361623,10.1910822909804,7.025402968470447,6.9289897960292155,6.622896416307028,5.412459017645093,4.79663572055076,3.636050571441279,1.7777278142198574,1.3431733873441465,1.2316844255296258,1.1936119097691613,1.136155560683378
PT0002000032976997LZ,4.201992677329264,4.227735897892868,4.0828993739464785,3.746928200306864,3.4384896112325314,2.9983530967298457,2.89136085546706,3.3218621531451746,5.177190143129181,5.814397248690241,5.895676574048404,7.764851624897901,7.712983941429536,6.976305574996859,6.23820425617811,5.129294373499742,4.553155443212165,4.205178257286708,3.080722797956469,1.599840333606837,1.116991492056373,1.0545550019675656,1.1148820067160823,3.6561490642777312
PT0002000032990792KD,4.446424443414465,5.829956503739103,5.759313333420749,5.760681750051561,5.763486326710752,5.758242987739223,5.654405907951659,4.944802850911765,3.189318511319541,4.421801240577792,4.863876588180672,4.838034740122893,4.144125570185546,3.3527426836052374,4.575678110033335,4.778795397065591,4.025127518022946,4.053995237838626,3.426668795254621,2.5694664236002027,2.105437698959774,1.9855002716842733,2.0447125173825484,1.7074045922271246
PT0002000032993611ME,1.6343274789155038,1.5842306812754632,1.5726937638626135,1.5804315154757724,1.5762140156954134,1.5756017979853612,1.5791220498181606,1.7862642114095422,3.3457527793872823,6.757999204505224,8.376031091006697,8.87796458301192,7.7900537122493185,5.33945675821948,6.627613838311626,7.669089696371523,6.721835844493396,7.901817456428832,7.017766580089835,2.419161275223413,2.1813572099869214,2.1947749814655633,2.0981721286335913,1.7922673461775531
PT0002000033016394FN,1.948950564363573,1.9568271336738001,1.9567492579672452,1.9408887521697056,1.9410995030060434,1.9387270507341263,1.8821976549758506,1.7782131923267601,2.6555689240011886,5.030447841262709,5.60134777109205,5.509062990585943,5.23131145265007,5.252007184778447,6.144458697787131,7.0224587248755075,7.4929750206309045,8.063905057722577,7.7364163224109745,6.917860074074804,5.088705393878954,2.694058048168946,2.1745813224060364,2.0411820644566503
PT0002000033039837ZH,2.2709007820007754,2.28493087156569,2.2924936434245082,2.304593805627693,2.290907260522375,2.136527716355037,1.8229349512581563,1.7280287956231462,2.401528189067109,7.304787538231043,8.261552101491842,7.8139525686251545,7.266538675305447,6.855303510239002,6.864885688842494,6.639486230925623,6.770948397932945,6.433453420652917,4.016812006555081,2.916942929283718,2.4167851467768884,2.300335059581698,2.3069520862506634,2.2984186238609996
PT0002000033074862LZ,1.9159939382358833,1.9079037373488223,1.9049687616585902,1.906260516122565,1.9042306162506049,1.9001708165066844,1.9199162061702968,2.425545810640367,6.411346477410095,7.504170753932633,7.60566574753064,7.859403231525658,8.350454464188015,7.863463031269578,6.934137962615829,6.492911544992492,5.486450281204258,4.723392465699242,3.794990078805474,2.4382788189281173,2.262415675475571,2.3140858540345564,2.237134195252067,1.936709014201967
PT0002000033085062AW,1.749957163674458,1.6108603863835131,1.5366675203090931,1.5045799923333738,1.5120775683146286,1.5564967737084674,1.6874264711937061,2.5132189272773227,4.920192484146152,4.840990817871444,5.4363507813843315,7.55834304812371,7.253459101753109,6.957960233009394,7.22921519172701,6.850802570138848,6.623987789055577,6.717639329039611,4.5393785410199365,3.744111180994267,3.868235386434984,4.948819592438216,2.848617483585617,1.9906116660832391
PT0002000033094187PL,2.9440618086914596,2.6651980774250914,2.6164490469331536,2.53340180725027,2.5739220808490124,2.557848202866309,2.6656875858569724,4.6373985400912465,5.871894063135686,6.383804027907485,6.0119896719558295,5.951870249791927,5.712124732718827,5.243568816744745,5.0990327228640036,4.250893296923854,4.1623886672046675,4.6481234979017225,4.700148356458984,4.700263605689563,4.3076772707674325,3.142961767156131,3.337746525569895,3.281545577245723
PT0002000033171958DG,2.568200852509118,2.6595716717119346,2.6654376169758596,2.6767162048671347,2.696587610267978,2.713830915203288,2.741166455468627,3.3517837664530115,4.406541817553269,7.446702072693297,7.450409424447186,7.0412743234474755,6.72277985355062,6.219799321820806,6.279438253701697,6.117962488421209,5.921159780205887,4.880069499238299,2.746686290302195,2.5540770088484943,2.540705826856136,2.5449898777717403,2.525728125770425,2.528380941914319
PT0002000033186037TF,2.3252488118639527,2.3005500675240773,2.213014593855321,2.381948791861638,2.5298982986053113,2.528247630003911,2.747578553746462,3.830484489677837,6.363806125628946,7.264554514721699,7.284725205030257,7.566760202267712,7.070268287000488,6.081532461445085,5.56613252401593,5.431313032661834,5.067699939807397,4.390386479267463,3.387979304354659,3.324295229711104,2.9856801661566417,2.619569070374317,2.419796169555556,2.3185300508624116
PT0002000033254603ZX,2.74891098165169,5.287949671660285,5.576413251764819,5.188836301217535,4.6923547123985365,3.6279507530839687,3.1195706301897608,3.845996474855812,6.30966804141506,5.542555820508501,5.941685535764709,6.3413491596012115,7.7013694013503775,6.679286595500756,5.165471444774974,4.427553853523465,3.884481113808045,3.231113031090326,2.4558014998434774,0.9615795228037238,0.8534172717008064,1.4496723908575175,2.3816225298765206,2.585390010758111
PT0002000053093191SV,3.6083847916418015,3.59618863168071,3.604731598199006,3.6030568902350515,3.6022388598065036,3.6016076237277823,3.607488425155055,3.6048733042574943,3.68021583908203,4.615243942464861,5.095073538875821,5.211530154215448,5.164676978331574,4.819880373291186,5.130235964934395,5.273951672979624,5.228837616904474,4.993850324823707,3.7611493220323853,3.6589148420174205,3.6492659476712506,3.643932646924503,3.635526901182344,3.6091438095655795
PT0002000065256275YB,0.19689172054739604,0.09565736539519697,0.05925306490513297,0.07213416597146621,1.1953661789555503,0.15972565322253235,0.09789636810413273,5.283827657409803,0.4740245192410282,3.01675386973512,15.454745059386607,6.324620623569556,1.2675003449270685,0.7187654395012774,7.138706210961776,4.446556088098158,5.513111256390581,2.59940619518592,4.443979867884913,10.168341181763338,22.820158649115914,6.074727262882598,2.2670737876744633,0.11077746917046596
PT0002000065523872AA,2.1766780642469232,2.115153398763558,2.1085824177260024,2.062093986469046,1.9821781594035275,1.931815692208496,1.9131096329646338,1.8981669229177502,2.141013632864781,5.5397607047122746,6.932531967822318,7.192645809379069,6.561510011695411,5.541199632346416,6.470525510521092,7.210023627729878,7.254409010906161,6.309919049202437,3.519727679856647,4.485358809108177,4.401568946104584,4.162706958836724,3.7406584150682534,2.348661959145829
PT0002000066469574LZ,3.972231381376981,3.9556507560000336,4.074259748158229,4.034618478711375,3.962303345678565,4.033285364954596,3.9509341491113195,3.9261206260724095,4.048087958272789,4.06016144135305,4.1314578742509624,4.330645191985508,4.347749293015876,4.378008459985779,4.51880287986444,4.433609364879352,4.357131395492829,4.397288303279569,4.267988845416906,4.137431733066716,4.181374180860913,4.201031320500962,4.227052191847899,4.072775715862948
PT0002000068856655YV,2.010736259232399,1.8643680217906502,1.6861995788618382,1.5508428235988045,1.4478852916700071,1.3686871901863171,1.2894890887026271,1.3312480876667545,2.352903596806357,6.346647859806621,7.533899399321211,7.698055464214678,7.385582954724483,7.217106993386451,7.007592015825052,7.39206279939133,7.503660124209256,6.8686353468582135,4.668368091093152,3.895106627516031,3.230562557793795,3.0152877183063103,3.0102478391209844,2.324824269916685
PT0002000068856781NM,4.036087412034305,4.031104353240283,4.014133751003823,4.011916349096052,4.008329942532179,4.003625194136561,4.004859226502624,3.99992309703837,4.033511915502168,4.290152084131983,4.385751028990482,4.417527362416624,4.440009889585847,4.296900698633894,4.472133294614943,4.490759470640217,4.416486147607756,4.327018801068137,4.116809100211468,4.063861399005047,4.039836331378243,4.038987934126575,4.037368266646116,4.022906949856306
PT0002000068856872QG,4.1396803237341,2.3768972484827957,2.298558584421601,2.350798552249365,2.350798552249365,2.281145261812346,2.359505213553993,2.3769185361632457,2.4813984718187743,2.533638439646538,4.222730732744232,6.181729526285369,4.588410507538578,3.430424554023149,3.5261978283740496,5.389423347564286,5.18917013755786,4.536170539710813,3.9963575388239225,3.639384425334203,5.241410105385624,8.863381208110575,8.158141642435764,7.487728721979464
PT0002000068856906VS,4.005583115551744,4.009974305517977,4.069978185595506,4.140012843709308,4.19159525657157,4.163078150273734,3.772645415519544,3.46944147649991,3.3775996194524684,3.927602338711459,4.209628132612848,4.440071513651975,4.779131520149035,4.874747700088836,4.752291890692248,4.866150631278461,4.387021308553796,4.0848657925598175,4.018815141943507,4.042090133113064,4.12407681371934,4.129109244242488,4.088849800057309,4.075639669934047
PT0002000068856952LS,6.388999317588917,4.694814448466832,4.171097590442555,5.452506062370927,6.001929504880241,5.2334321580792365,4.463196129498141,3.247857565213294,1.7769327792548109,1.7821488245950887,1.8638668682594488,1.8742989589400059,2.1229304534932716,2.1159757263729007,2.1663974979955913,2.029041637368262,1.896901822081212,3.8929085056277115,5.242125566979701,5.725479101845492,6.1810137282297966,6.848667531785421,7.45720615481789,7.370272065813252
PT0002000068857099AR,2.742115593221421,2.289081236765203,2.1936154691388414,2.1806651588087513,2.1794119029703554,2.161448569286682,2.1029632968282095,2.1422319797646123,2.458887954932626,2.6372680359309664,2.9263523826542728,3.0266128497259386,2.8365357142359042,2.654395865722376,2.876222149118439,3.094288664999314,3.2346533188996474,3.797782942285509,6.721628813262989,9.134981806067234,10.267925083977067,11.489431774466874,9.643385924509811,5.208113512426954
PT0002000068857897ZV,2.3771121267347866,2.3907445424413485,2.339981649074712,2.345885814167799,2.3038052193225247,2.2945732520860616,2.2798665135814633,2.4461492722940394,4.96636897939226,7.673911742625691,7.626678421880998,7.610039411164117,7.0648166019315966,6.4347885122711,6.316061119671934,6.225244325694634,5.846841017455879,5.0483831999580495,3.853594882029728,2.8519264368734687,2.557899015237739,2.401384966042816,2.374655200439568,2.369287777627671
PT0002000068857909SY,2.7731823424317037,0.5809003480288473,0.5315162225898943,0.5200163993043082,0.5043093235971661,0.49841917020698784,0.5001020711756102,0.6768066728809575,3.9511709908305224,5.37799052872751,5.530854033377374,5.3213328627838905,4.982228317606487,4.348335619425399,4.520832968709191,5.063849014584671,5.249248604627899,5.498598431478778,6.272171910055521,7.587639500528665,7.801648407038473,7.809782428386815,7.69254032757279,6.40652350405054
PT0002000068859187RL,6.644746673992405,6.603707407104236,6.242432118108718,5.609199270711336,4.842215645873876,4.113773911731765,3.626791914432413,2.9481421363778084,4.511901225887514,4.960028830675066,5.350760268508194,5.165238356809767,5.385239635589709,4.631068585226648,4.4233590445603586,4.241691321931467,3.938877061792597,3.4648118062397946,2.601681789208259,1.5345922533078185,1.4775085881698407,1.6437595545205927,1.7461559830436437,4.292316616196169
PT0002000068859325FL,2.196848330228739,1.4936515167222861,1.3791751356564832,1.3583703938358793,1.319177724346145,1.2921899663213534,1.2776488011766522,1.4251147446524155,3.845594397589337,5.382164554860555,5.789035217261178,5.506549923189743,5.337534053530005,4.792582742608509,4.409437139128189,4.318846888683776,4.441741888286222,5.582719849197027,7.194976569645234,8.146717982495638,8.033167997612225,6.3099392273755095,5.449150587092238,3.7176643685046558
PT0002000068859382XF,2.1811314340577446,2.07171712476347,2.0619051660489394,2.05371931137907,2.0418126136774433,2.0436110211427936,2.04565748481026,2.2855278322576207,5.179537528308805,6.7975461206689625,7.000828178304032,7.219241664268251,7.144514733380437,6.64728607623645,6.601581720996351,6.513335727093149,6.0599510036733815,5.439004315723428,4.3660372134653525,3.1988707684532587,2.955093535822552,2.8349103058967544,2.7247733521567046,2.5324057674147933
PT0002000068859393XH,1.5847729749481836,1.2460445398773805,1.1692956875655336,1.1484708307273084,1.1307496785140112,1.1169331869578811,1.0823418983155408,1.8442513239832956,3.7870702996840553,5.030704718991811,5.6481917600963945,5.909854083878612,5.964869751343057,5.788759543754414,5.64744086381617,5.551626498459529,5.593776809656129,5.983992576612774,6.550168371902018,6.931623682256046,6.730733897419995,5.9913513601589745,5.068900309779228,3.4980753513016674
PT0002000068859597LS,2.7459567924075707,3.0121156261674074,3.078207725733883,2.849258746528399,2.7496042269159875,2.637041991505546,2.7396518130515126,2.672071011482695,4.767901606244523,6.022688038974358,6.3516392203726735,6.319782803941841,6.1153019863332965,5.930639075808599,5.574351351524893,5.543103379609793,5.07794754733259,4.573720885080874,4.217998144990347,3.3719995061873913,3.523589111249793,3.643887284074543,3.410027288420648,3.07151483606083
PT0002000069698702RB,4.413821159328923,2.7127688771560887,2.8803846352367652,2.79085271274071,3.0163969936703685,2.636162851237864,2.778954100379339,3.1677527154544234,4.182875797348343,5.361711460078896,4.8246028835552845,4.309257074461552,6.664858389007203,5.67629781359332,5.546937932987255,4.401961170173472,4.794101825772368,7.604453725304489,6.7260027190634135,3.4406860248990263,2.842381763086569,3.0602859655610835,3.0246335829045847,3.1418578269986517
PT0002000069803182JW,8.906955175207749,7.763441460682027,7.1269034567933796,7.052823605963715,7.062946973479227,7.0074529926975755,5.44202183886648,2.9390983094646947,0.5762410602970713,0.5469782010725424,0.6108028697055004,0.6368230877727166,0.7487601150405986,0.7108502127299027,0.7555090267176073,0.8578763081309811,0.8984752299379852,1.4758235335570655,3.310499355190064,3.9446334234664726,5.71585365757385,8.079238165466238,8.907930703181407,8.922061237005142
PT0002000071896778MT,3.6156277313973084,5.240075201778394,5.234120100357931,4.968263685398708,4.848139168899273,4.7162179932945065,5.326047724361689,5.981769336582546,5.150680316442157,5.332089915610762,5.4566741446987965,5.229660387769329,5.586149671464652,4.918487538442055,4.249242926758987,3.7326355749632216,3.4863443507152816,3.22120724423809,2.885002459736084,1.9642876027344418,2.1734625093095024,2.1326057875300544,2.09117361896498,2.4600350085512637
PT0002000073231742VK,2.702452812915701,2.708206174941014,2.698670237705306,2.6999191595109826,2.6996693751498473,2.68318360731492,2.6856814509262725,2.889005920890371,6.734685944928772,6.59905303683233,7.113608820770956,7.103367661964412,7.840481311674551,6.064264719641745,5.282439669288395,5.0928533391867346,4.2905459712202925,4.32751405666831,3.8009686233951907,2.9342168902558527,2.7601171905445794,2.7978346290760023,2.7758536052961,2.7154057899013684
PT0002000073481266XH,1.9826183642689725,1.9005052859591913,1.8940008791963658,1.8790343398658715,1.8784474167548717,1.8461666456498822,1.7549001018894128,2.36001782933021,5.6206691724896185,6.6281226925207815,7.182178109304596,7.730951218089413,7.414599661260518,6.612275768523787,5.969594961979002,6.466425375440335,7.010209637781653,6.280664210808898,4.733534890213416,3.4640202011208405,2.526117069743154,2.3518009057762126,2.3142378266722257,2.198907435360764
PT0002000073598156DE,0.0436786612417986,0.030797256001685806,0.03076534766377006,0.035804849790992466,0.04245645071697702,0.0349513857210598,0.030819535858686457,0.031618811733702734,0.10203637102752837,4.683756627596632,7.236128984547596,7.22652412699867,7.22921998969576,7.156797467190026,7.159412047594743,7.148100261905947,7.1433858889482265,7.1342009899099,7.985267232217713,9.77970930687338,10.13403236638281,9.525796972543986,0.044027908369552365,0.03071115946885367
PT0002000073717386HC,0.6845183896895441,0.6801117856364991,0.686747832962454,0.6851314123737731,0.6902115913667702,0.686747832962454,0.6798203161538212,0.6828222401042288,1.3831941894569937,9.928748007359326,11.329260988837902,7.618421151680321,5.559563156154688,4.522513889902374,2.0392300312345095,0.8033610325744376,5.392148166612732,10.222243802818397,11.940498888586259,11.706579737681428,7.781217796683191,2.9356507062715793,0.6788966472460036,0.68236040565032
PT0002000075637532JB,1.2328864247628208,1.2208353408877017,1.210362220281174,1.2093714735797156,1.2116832158831177,1.2087109757787438,1.2272049142059598,1.6779946633693434,7.994995631865466,9.52041530321028,10.20072803821143,9.277352112452588,9.29617629978029,7.851667609054545,7.376439441255196,6.594410044904358,5.352674179077016,4.808093742175609,3.7308218287902912,1.995694105636871,1.4943762746991296,1.48612005218698,1.5016417505098216,1.3193443574415522
PT0002000077394934QY,2.989796855998517,2.9747978762620693,2.967522093046478,2.969133361176773,2.9727277285443563,2.9341812371195903,2.7710093530015705,3.2614545831231077,4.126209794282564,5.178615770770301,5.911866713757165,6.167314684260193,6.236103439053586,5.8661934594483975,5.663545506138134,5.66348353428697,5.496469395396707,5.1315791357359,4.397708474237384,3.729404031271671,3.3000010745478736,3.1449475029324976,3.1026207285866536,3.04331366702154
PT0002000077647404EM,5.404027497431729,0.90194788756662,0.860109456728446,0.8708055005728391,0.8637977477092712,0.8615847731207761,0.8637977477092712,0.7656892076193198,0.7516737018921839,2.030773014042377,2.841459371627765,3.212501444298784,2.941043228110046,1.8843478621036154,1.6320687590151688,1.8725453309649742,1.9466799796795615,2.7665870647170125,7.219460765867325,11.63618921540555,12.438761332833122,12.836359100566083,12.430278263577224,10.167511746840939
PT0002000078207354XC,2.3966115597899313,1.4302206813245983,1.4270890934438876,1.4197581563200319,1.405445374316314,1.3865943931406852,1.3991617139244377,1.836574295647821,4.199230602993278,5.114201374499254,5.434668054484941,5.561737631298438,5.282114743859947,4.6031303292933226,4.848193084576495,5.32610036660308,5.486682798839917,5.78760031316199,6.391180803026099,6.520344933303555,6.3056532032477834,6.090263288704026,5.797723988237789,4.549719215962375
PT0002000078233981HJ,1.0113027913748427,0.898450420876797,0.8821965068345677,0.8873391467790195,0.885469095890128,0.8845340704456821,0.8821965068345677,0.8948193503345853,1.5268965507799144,4.309064760728252,6.230542049064274,6.400716679953401,3.6882078656162722,1.7714057045024785,2.6082534772814276,3.408635257726992,3.726076396116325,3.999103825894484,6.809790311898419,11.589640383905106,11.520916013738344,10.512491071903598,9.370825004235336,5.3011267572851954
PT0002000078294957RQ,1.3904540545398627,1.2287814557461365,1.1982475621033153,1.188987534575469,1.1788015042948379,1.1593554464863607,1.2216291316111274,2.068690149720871,6.989237277330215,8.60210257199285,9.031536348596724,8.420837533135257,9.869568839866815,8.754198524137724,7.971031695970122,6.1532882922538885,5.279141693625195,4.871005980335367,3.640811323260982,2.0392895623199583,1.900157648714067,1.95965332558048,1.9932209253689228,1.8899716184334368
PT0002000078441876HB,2.2379963108276653,2.1480744186130667,2.074865367321956,2.056060008748086,2.144819508095552,2.371839858888686,2.657730620044477,3.2292543811837113,3.748542280396361,5.158372616054429,5.6641560712375725,5.895804916125467,6.198640672611229,5.691523583536375,5.73993785590772,5.83680002167289,6.007908612081617,6.0613660378249765,5.487118973864854,5.119271366910072,4.839376354763233,4.133357296696102,3.031697253090638,2.4654856135032603
PT0002000079901964CJ,8.285476014876384,8.31481429808719,8.339001620283438,8.332243952579155,8.319865915453496,8.286566879681699,7.303927938846304,3.8891501712043675,0.31388110168532485,0.0,0.0,0.0,0.0,0.0,0.0008992591074192797,0.00248618694404206,0.0,0.9044959692803669,2.9913060744391764,4.505512942948612,5.774023709152941,7.8563507431732935,8.303084153581212,8.276913068675578
PT0002000081344542CP,2.2552478033384546,1.0112256826017514,0.7784074968560494,0.7600776499913072,0.7344158643806682,0.7274912555650989,0.73237921472903,0.7393038235445993,0.8672054216674668,2.5930623364655205,4.348247006247162,4.7657601848329545,4.074113963136685,2.7466257201990274,2.3079313852361985,2.925036229682517,3.60772119291158,5.971049448672332,9.248426068088225,11.149027522996821,11.084669394005058,10.453308001997275,9.344963261575867,6.774304071278364
PT0002000081997398TD,2.3192628546626857,1.8237424105704418,1.6074710487708403,1.4434127359921092,1.4313960775631838,1.4305124997375276,1.4992106756823038,3.268707808232866,4.738451163429532,5.684807193598698,4.655041416687579,5.6823773545781435,6.48387080023096,6.560344461041513,6.0844936230343185,5.306282453087545,5.8207898209672,7.365504754670803,6.9032168362874335,5.050884282581595,4.612099534360683,4.074354069666267,3.3729258127690254,2.780840311796747
PT0002000082549706RH,4.269870381433989,4.365382174045396,4.613116866127123,4.333298019740394,4.2826747294398135,4.254164359902398,4.059737547154562,3.390369700405396,3.3514287078664875,3.828734016414823,4.285456228906878,4.338861018674524,4.287403278533824,4.152361479407822,4.086579017011738,4.224263240631452,4.265707582690716,4.303396900469448,4.341920668088297,4.100486514347063,4.201454945001519,4.234137563739531,4.218143941803908,4.211051118162892
PT0002000082592498EF,3.036851220030813,3.0623605061697647,3.058523782862115,3.0607512925109477,3.0584387634098693,3.048576506949386,2.8548681869531376,2.4978034914122995,2.298942992609971,2.2990790237335643,2.3049453659385066,2.305931591584555,2.313243264477672,5.306149034096676,7.460763004574611,7.540069149629256,7.544609188379167,7.890519331785387,8.238231887579216,7.9473293297758625,3.8723469836469153,3.0190577531297333,2.9964085710515205,2.98419977770906
PT0002000084414998AX,2.9354719829478997,2.96958938485984,3.031792033448594,2.909960658058306,2.9766187920884164,2.9831528266432628,2.8872837146032513,3.006415453867939,3.6016989465264606,4.991288597808201,5.558276243346856,5.794636249624959,5.843394423445996,5.856343525539984,5.824981989938503,5.9861639936002735,5.86238338941421,5.82812088889132,5.212832634976645,3.8199027559462793,3.0286805884224774,3.063510470097189,3.0361480564851586,2.991352399417971
PT0002000085555547GN,6.094037434981966,6.147900638474526,6.693170403085995,6.835751953229174,6.8631621141541626,6.807426932143275,5.684917277305791,2.9717747164628516,2.554022239998598,2.2253557568657523,1.971559290667805,1.722675742346963,1.698063627758271,1.3962785876652108,1.3150936593598612,1.2816834415353853,0.8382376521104524,0.6365228679301403,0.7238147848420975,3.4801399334101655,8.061165554218073,8.610711359707222,8.325257167551479,7.061276864194782
PT0002000085641795MX,2.9030981260121114,2.892473583706641,2.877411798415242,2.868536735478325,2.8734834918693952,2.8659178644477636,2.8667908214579527,2.8676637784681365,2.885268411506931,2.8919610819183736,2.8926885460935337,2.8905061535680643,2.8848319330018395,5.00437155373872,7.6722736697088,8.618850054422841,8.79620582032607,8.605610206434985,7.908263048129668,4.306733409763339,2.9203321847494923,2.9294982333564668,2.89457995294894,2.8826495404763697
PT0002000089069203YG,2.9363502689989027,2.7099061185559314,2.7332580382427683,2.7273023636636413,2.713680440013644,2.7071931347165763,2.8884360654450694,3.1218821954267675,4.470817636291569,5.319660036059563,6.122070717579719,6.142909945556934,6.057780010113675,5.932449335199349,5.984470625309121,5.950764278504346,5.81375716279222,5.322630824992944,4.516950503803765,3.825471325389623,3.487228991594149,2.9420732757380867,2.791246971265874,2.7817097347457493
PT0002000100113293JT,3.8235085520122767,3.8393864583094057,3.839672295094175,3.8364921310091504,3.8359139193573277,3.830912388569061,3.9328221922028215,4.00521429101103,4.409991357869549,4.564084763080311,4.538065238748288,4.435635044627887,4.339594089260128,4.186772749683374,4.10431976813345,4.129905633726606,4.205015327298383,4.30458337374226,4.410396106025824,4.536157140297273,4.519967214046236,4.349828435497391,4.141903525501928,3.8798580048958566
PT0002000100742616GC,7.506917406281151,7.2845484203711415,6.428148976293299,5.760011215187747,5.021817747074562,4.4462627879470595,4.257560731171788,4.687795398795721,4.6275525272035125,3.505913961505795,5.488128612962175,5.950079131062683,6.579849663711331,5.510798041946984,3.567818308996796,3.906619795528168,3.3706911734464398,2.994212230989455,2.0588834157481606,1.3791974391286126,1.2249949576883497,1.0995959538147562,1.0765706897939618,2.2660314133503623
PT0002000101964938LF,1.729343825703345,1.8775500958607911,1.9952488272435467,1.9969600183475291,1.9915412465182512,1.9892596583796078,1.9784221147210523,2.7849635217314512,5.898760933944864,6.2335839932907655,6.209912516352341,6.241569551776018,6.360212134985469,6.896955744601299,6.844764415929834,6.903230111982568,6.557284310460782,6.212479303008315,5.954374644824295,5.495205031922335,2.6800104673538603,1.7362885735075346,1.7191766624677098,1.7129022950864408
PT0002000102936404ME,3.3858950672539576,3.5091569365455126,3.5565965385284883,3.5153447899681383,3.5307520695509202,3.471607996313792,2.720627368907902,0.6510818146272107,0.4748921174628244,3.570761295564271,4.731028849951465,4.712142507237087,4.686049533750119,4.697480741182506,4.7263072642728705,4.723076705650675,4.679588416505727,5.335391816811533,6.1899988246370965,6.291388664472174,6.850275306112096,6.863446045110281,3.773540975234426,3.3535683543489347
PT0002000103647515BL,11.259537167574079,1.3163973398038686,0.018502012637764884,0.016446233455790858,0.004111558363947377,0.0,0.0,0.0,0.0,0.0,0.004111558363947377,0.010278895909869456,0.004111558363947377,0.004111558363947377,0.012334675091842806,0.010278895909869456,0.016446233455790858,0.5735623917707174,4.436371474699675,11.843343867351635,18.0764663470965,18.033294984275045,17.507015513689726,16.85327773382203
PT0002000105483259QH,6.424826838334713,4.643380865152485,2.6086659073643745,2.5158675154027974,2.3508925963599903,2.5622667113835855,2.454001920761745,2.4952456505224463,2.46431285320192,2.6808424344456028,2.670531502005427,2.716930697986216,2.9179938805696364,2.964393076550427,2.9695485427705135,4.77396171980121,5.8978533557803265,6.6814842212336565,6.851614606496552,5.614302713675503,5.707101105637083,6.3566898493681325,6.377311714248483,6.299979720947169
PT0002000106237165CF,3.5223170110184103,3.511537067683077,3.5089212229000175,3.5109425521676765,3.5084956798963014,3.5082829083944422,3.5047721786137807,3.5137085816918345,3.5060488076249308,3.5099850804093142,3.5024316920933343,3.5031763923498382,3.602540683717776,4.507564266873053,5.397268301894516,5.8012149981729415,5.781108091247311,6.358250790038585,7.162207909811056,5.219923255095425,3.540092247922296,3.496899633045013,3.5056232646212138,3.516687382717856
PT0002000107046231FW,1.5347863463188034,1.449359943134936,1.4442673979986496,1.456479354576992,1.4434532675600935,1.353084788880358,1.2867331581380301,2.0923152270893626,5.3915788293382505,6.2956706813548795,9.153675585906322,8.86262395412249,8.73765493180412,8.63995927917738,8.55447558312898,7.430161447482905,5.911808179575644,5.26213208960782,4.346235346232126,2.141977183841289,1.8309793563128316,1.93763044376369,1.7967858778934718,1.6461717467605799
PT0002000107172384HT,4.492463422332631,3.6142986673796393,2.9827421108833807,2.664720624028485,2.5452044321341525,2.512421373018429,2.4690548066291247,2.4706036125716,2.4538248815281194,2.5632738347963624,3.1461411378145088,3.535665832347007,4.351886564031409,4.914103121149885,5.090925132915798,5.387521470899787,5.494389080930572,5.32815057643824,5.245031324192073,5.438115798353976,5.874879074131966,6.181542650742044,5.935282505888496,5.307757964862318
PT0002000107332489XW,4.204529344148235,4.189915291425734,4.178215851712949,4.161229382495405,4.149774905168632,4.150555892259096,4.163312014736636,4.19279427740157,4.168844006627406,4.117233776399392,4.1227006860326245,4.148733589048019,4.130575639194779,4.134350410132013,4.133374176268936,4.136953700433551,4.1399474842803246,4.150425727744018,4.153614758363404,4.155957719634788,4.172488613049562,4.216874712690808,4.267183297768053,4.260414742984053
PT0002000108315818YN,9.104531369799224,3.4632093370462966,1.511094130328251,1.2221984298436657,1.115914358216517,1.1978502126626733,1.1562667406232214,1.041912192514743,1.0271391169217776,1.0216676074429003,1.0373981971946629,1.0193422159143755,0.9923950317309196,1.070090466330946,1.6838570421237327,1.725850877374093,3.2455626351315847,9.244252052296021,9.598121927842254,9.656119928318326,9.62110226765353,9.800294203086686,9.712066112739825,9.731763546863778
PT0002000109837807PE,2.8839263062513742,1.9835636117685695,1.9465473492470142,1.9505406392212248,1.9225876094017504,1.6837162636716994,1.099606848353078,1.2459064719537025,4.962933385221172,5.840005074102335,5.953269298825398,5.947097850683436,5.831292441431329,5.317247113842039,3.987844578791207,4.430010686844706,3.945370494520058,3.287929754220479,5.392756596990749,6.7929492724934954,6.955948108713547,6.452793571963013,5.55793359137855,4.628223080110069
PT0002000109942242HZ,0.0,0.035252258692193734,0.0,1.962765511641937,4.3678841629875915,3.280927022770541,0.895581500274988,0.027964853659428125,0.0,0.057483310299934164,2.6178210231188976,5.9861735227338215,5.96682410378765,5.960750928497975,5.903126381563392,3.3797926670210496,0.001412366346435878,0.0,4.689479980071041,6.401974175124546,6.401550465220616,16.315232324123333,20.120288498056233,5.627714944008395
PT0002000110090564GD,2.2312277211653164,1.4566972560752776,1.4598143401343375,1.4326730376617203,1.4381012981562438,1.4253061127048672,1.424142914027469,1.428020242952129,1.787836367160539,4.89978056209233,5.9706988110833095,5.725263890152359,4.382932616435206,2.852163156979598,3.6008753723313656,4.551596424657898,4.645040051742194,3.6194865511697314,6.181625504584792,9.998855830912163,9.646794364553072,8.54059242234769,6.80083493385293,4.499640217067459
PT0002000110607652SB,1.437986709099879,1.4329770692418216,1.4154853634712448,1.418492962273289,1.3944321718569341,1.4091967477942426,1.4004473694610229,1.9702506334119736,6.614530019914304,6.099683788618891,6.242954858825367,6.1822560466386545,6.806469507099316,7.423027261518412,7.6614478210986565,7.674571888598486,7.048444501627434,6.768190976891479,6.427512058041726,5.917313933985836,2.9225657813683856,1.4379056454501207,1.4507562948770376,1.44310058883547
PT0002000112026362NN,10.596999259696805,3.2598247022066875,1.0036377578647993,1.0030382132065814,1.0024386685483637,1.0024386685483637,1.0030382132065814,1.0024386685483637,1.0024386685483637,1.0024386685483637,1.0024386685483637,1.0030382132065814,1.0024386685483637,1.0024386685483637,1.0024386685483637,1.0024386685483637,1.168512538876036,8.117235127677205,10.192259189786014,10.239623217785566,10.490832429580912,10.562777788567647,10.670695827047695,10.664100835807249
PT0002000112171317NK,8.836358423238018,8.630516898721137,8.318428792286882,8.071013640789806,8.034135531458773,8.020400745865098,7.325954025335955,4.445681281297153,1.5837215847165833,0.01255871832571485,0.008883508113338962,0.009849563369163048,0.008169467272078353,0.008169467272078353,0.008043460064797475,0.007938454058728067,0.008316475680572423,0.6526123277117107,1.1826616451410228,2.787132416656616,6.391127555716281,8.037726736866295,8.793580969743921,8.817018310298266
PT0002000112989585PH,3.03285434875548,3.0304812064378,3.010693102900797,3.005195891929388,2.9927463259059,2.979003298477375,2.9765780583429295,3.290242449064563,4.939890788514477,5.159132496668361,5.256950515424334,5.345229256318155,5.394542472385217,5.637389851181038,5.689613355409435,5.650162782555786,5.275867388473011,4.990497465986575,4.819922243197233,4.601650631097127,3.7510380746092316,3.0714857889375677,3.0485268489981494,3.050305358430076
PT0002000114685657JR,2.810064736721253,2.769504446617849,2.770331326185083,2.8087101273803805,2.842014808225339,2.8529472311619797,2.9701132828880086,3.6010570842693554,5.061481177830801,6.256851675637222,6.242136726621237,6.346894247672343,5.964859113658576,5.482587038542186,5.4969329606236,5.422389519840426,5.3315166372025224,4.624230388731972,4.393634682992437,3.7201143990350563,3.44989442619605,3.115048611440442,2.842983503928585,2.823701846597294
PT0002000115031201VQ,1.4026689429042007,1.3245124656974718,1.3288935143767668,1.3193517210050263,1.3070269045665284,1.3034487320521257,1.3201468704526715,1.6739883746547126,3.56187195072594,7.010435105162462,8.009540386128451,9.406419178278869,9.549148504131152,9.024151081323517,8.59993885100489,7.621507455677673,6.750620023144448,5.909550694897909,4.530562765319505,2.1168866169929976,1.7705990325435845,1.737799117828227,1.7656293484958032,1.6553023626350545
PT0002000115673389QK,4.3712714292356845,5.1785674800390895,4.8457696005888655,4.5241034001669584,4.227109405429083,3.834672930808236,2.804005451255686,1.7945783292281101,3.5938870437565424,5.35971205057093,5.691395537511167,5.581576396421334,5.5818546543801775,4.560926203387113,4.764240018648019,4.647742686545968,3.863519005874907,4.354273292620096,4.295097100039595,3.376289319941722,3.265264394363572,3.2333574817496338,3.115839870465159,3.1349469169723427
PT0002000115673471CB,8.636999834045781,9.418084063343231,8.341322499647154,6.583478754745375,4.888513790625273,3.524027999915859,1.368168613356403,2.1761149111178955,4.028683020866495,5.211627318741981,5.496504482317894,4.882231328462763,5.436712773460896,4.464230958029514,4.651513321460218,4.385050271119252,3.3763901390968596,3.21152966648753,2.736770499965393,1.8681659468417293,1.5701822673750625,1.524038665974554,1.227896397831382,0.9917624751715007
PT0002000115700602GW,1.769072187296759,1.8221848456850411,1.8281722614568772,1.8251402213808394,1.8248444125929333,1.821738420319919,1.8189282368348103,3.249755343936775,7.293609379007562,8.27362389334058,8.210616621516573,8.044224178319375,7.508218654633462,6.308122402098282,7.35513760689204,6.895598654879861,5.086875821227813,4.70232439694984,3.4491304669855083,2.3641038329458133,2.343249313398431,2.2401599508131436,2.1354436398943726,1.8297252575933842
PT0002000117822355RM,3.1794768076527937,2.264693584294846,2.0680742127509784,2.318631528637429,2.2739189498377113,2.140976680693594,2.0606665226926593,2.235046982319187,3.139013044424086,5.057243675313883,5.601261909043107,5.105700415487138,4.743266996836333,3.4439939194517324,3.8973179071758848,4.284295215130188,4.848527713353621,5.847279253975689,6.114373282595262,6.267484241235597,6.2689706873239714,6.375216524951713,5.967909262123679,4.4966606826989235
PT0002000119303492KB,2.686776224623623,3.244426306885464,3.2240888489322086,3.016674125032192,2.9316273025824575,2.567690235237718,2.3356209803615817,5.071142976922977,6.51897465378667,7.452227817157954,7.355645388471685,7.04508877351561,7.807569726914688,6.512415191416876,5.921837389777897,5.124749617669219,4.493231723308427,4.491648404805374,3.6257993719926542,2.071206790351637,1.6552464007637084,1.6443893595999126,1.6439369828847545,1.5579854070047041
PT0002000120237616VJ,1.865162363844724,1.7801006278868985,1.7619263902862023,1.7638862639127721,1.7567817220164565,1.900342465162691,2.074526233724077,2.8119286857209445,5.898974631771617,6.820850188869361,7.188081509647867,7.811566307100367,8.20403100082096,8.049690952728591,6.754704453972633,6.12485006723378,5.42909492980152,4.79973051146931,4.152727230497972,3.101255029843303,2.78890017060875,2.589483029105278,2.3452337783940234,2.226171455579911
PT0002000120320157HF,4.104773814120222,4.0949823892975,4.089744386221244,4.084366176432862,4.08115321993591,4.074587613181261,4.078708579123007,4.149882550218588,4.219240502424585,4.250392211068971,4.181872421427394,4.195213175577791,4.194654400534842,4.196889500706636,4.205271126350869,4.230835084565766,4.253465473805183,4.305920480961985,4.307317418569355,4.237819772602623,4.141431077693988,4.106926718791914,4.103085140371643,4.1114667660158695
PT0002000123648159KR,3.6778331564045716,5.070366677617213,4.817925527211413,4.2706877132082095,4.006547521229759,3.582533002527509,3.2640481777496637,3.9024922940867333,5.36305696009836,5.632041828644199,6.207715787716852,6.571909082717445,6.791183356919651,5.881226714697235,5.175589040751612,4.759157494067883,4.782538324458319,4.206021812939164,3.1844269715552023,1.9125940535600763,1.6688857584093046,1.8308664662493597,1.802430321179909,1.637921956000347
PT0002000123801456QA,1.9355987367303997,1.9261952205747526,1.9045376334431516,1.8939910789627517,1.8846692856478158,1.8668762276050723,1.8507842267365868,1.8461573512226055,1.8397273551039077,5.022337285854345,6.379066466899336,6.415673217289375,6.430676541566335,6.386312970461676,6.373452978224281,6.336574058686359,6.403833859356535,6.432105429592712,6.5117829476349725,6.5822407357927535,6.620582564500537,3.2510264502991064,1.9561477081101515,1.9496496697044836
PT0002000125379984SH,2.7929153299854286,1.1700603617265455,1.1437418686880556,0.9891577717893806,1.008706344354388,0.991263002680997,0.9302113068241272,1.220733169867162,4.802332411046771,6.143965983546749,6.0880269912838045,5.677206220148415,4.7800771130496855,3.877233807816569,3.3470163703995177,4.065501598981102,5.153605222676446,5.955998939652446,6.712679071553353,7.465449488941259,7.423946365649395,6.805910725324926,6.241408099101556,5.212852434911929
